1522700869
1522700884
1522700884
1522700884
1522700884
1231451
1231452
1231453
1231454
1231451
1231452
1231453
1231454
1231451
1231452
1231453
1231454
1231451
1231452
1231453
1231454
1231451
1231452
1231453
1231454
1236451
1236452
1236453
1236454
1231
1232
1233
1234
1231
1232
1233
1234
1231
1232
1233
1234
1231
1232
1233
1234
1231
1232
1233
1234
1231
1232
1233
1234
123
123
123
123
1231451
1231452
1231453
1231454
1231451
1231452
1231453
1231454
1232451
1232452
1232453
1232454
1233451
1233452
1233453
1233454
1234451
1234452
1234453
1234454
1235451
1235452
1235453
1235454
1236451
1236452
1236453
1236454
1522705248
1522705248
1522705248
1522705248
1522705248
1522705248
1522705248
1522705248
1522705248
1522705248
1522705248
1522705248
1522705249
1522705249
1522705249
1522705249
1522705249
1522705249
1522705249
1522705249
1522705249
1522705249
1522705249
1522705249
1231451
1231452
1231453
1231454
1232451
1232452
1232453
1232454
1233451
1233452
1233453
1233454
1234451
1234452
1234453
1234454
1235451
1235452
1235453
1235454
1236451
1236452
1236453
1236454
